GENERAL
1 // 0 1 potato bus_face_x+
4
0.4999999999999999 -0.5000000000000003 -1.5
0.5000000000000001 0.49999999999999967 -1.5
0.5000000000000001 0.5000000000000003 1.5
0.4999999999999999 -0.49999999999999967 1.5
0.2 0.1
GENERAL
2 // 0 1 potato bus_face_x-
4
-0.5000000000000001 -0.5000000000000003 1.5
-0.4999999999999999 0.49999999999999967 1.5
-0.4999999999999999 0.5000000000000003 -1.5
-0.5000000000000001 -0.49999999999999967 -1.5
0.2 0.1
GENERAL
3 // 0 1 potato bus_face_y-
4
0.49999999999999967 -0.5000000000000003 -1.5
0.5000000000000003 -0.49999999999999967 1.5
-0.49999999999999967 -0.49999999999999967 1.5
-0.5000000000000003 -0.5000000000000003 -1.5
0.2 0.1
GENERAL
4 // 0 1 potato bus_face_y+
4
0.49999999999999967 0.49999999999999967 1.5
0.5000000000000003 0.5000000000000003 -1.5
-0.49999999999999967 0.5000000000000003 -1.5
-0.5000000000000003 0.49999999999999967 1.5
0.2 0.1
GENERAL
5 // 0 1 potato bus_face_z+
4
-0.5 -0.5 1.5
0.5 -0.5 1.5
0.5 0.5 1.5
-0.5 0.5 1.5
0.2 0.1
GENERAL
6 // 0 1 potato bus_face_z-
4
-0.5000000000000001 0.49999999999999994 -1.5
0.49999999999999994 0.5000000000000001 -1.5
0.5000000000000001 -0.49999999999999994 -1.5
-0.49999999999999994 -0.5000000000000001 -1.5
0.2 0.1
GENERAL
7 // 0 3 potato array1_face_y+
4
0.5 0.04999999999999989 0.5
5.5 0.04999999999999989 0.5
5.5 0.050000000000000114 -0.5
0.5 0.050000000000000114 -0.5
0.3 0.4
GENERAL
8 // 0 3 potato array1_face_y+
4
0.5 0.04999999999999989 -0.5
5.5 0.04999999999999989 -0.5
5.5 0.050000000000000114 0.5
0.5 0.050000000000000114 0.5
0.3 0.4
